0 0.557421875 0.9256440281030445 0.10859375 0.1323185011709602
0 0.45859375 0.9086651053864169 0.0921875 0.11943793911007025
0 0.689453125 0.9092505854800936 0.08515625 0.09484777517564402
0 0.630078125 0.9221311475409836 0.06640625 0.09953161592505855
0 0.7796875 0.9039812646370023 0.053125 0.06791569086651054
0 0.83203125 0.892271662763466 0.0515625 0.0702576112412178
0 0.181640625 0.8858313817330211 0.05703125 0.03629976580796253
0 0.8640625 0.8858313817330211 0.028125 0.05737704918032787
0 0.742578125 0.905152224824356 0.03984375 0.0585480093676815
0 0.0703125 0.8899297423887588 0.065625 0.05152224824355972
