0 0.567578125 0.9366286438529785 0.09140625 0.11913814955640051
0 0.715625 0.9334600760456274 0.09375 0.12801013941698353
0 0.11171875 0.8168567807351077 0.0796875 0.10012674271229405
0 0.209765625 0.8086185044359949 0.07890625 0.10646387832699619
0 0.66953125 0.8967046894803549 0.0890625 0.12801013941698353
0 0.57109375 0.8212927756653993 0.0703125 0.07604562737642585
0 0.705859375 0.8162230671736375 0.08203125 0.07604562737642585
0 0.602734375 0.5899873257287706 0.03984375 0.044359949302915085
0 0.23671875 0.6330798479087453 0.0421875 0.06463878326996197
0 0.246484375 0.7496831432192649 0.06640625 0.12801013941698353
0 0.290234375 0.7522179974651457 0.02265625 0.11026615969581749
0 0.144140625 0.7724968314321926 0.03828125 0.07224334600760456
0 0.088671875 0.7072243346007605 0.04921875 0.07858048162230671
0 0.019140625 0.8136882129277566 0.03515625 0.11660329531051965
0 0.118359375 0.6717363751584284 0.04296875 0.07858048162230671
0 0.65859375 0.8187579214195184 0.03125 0.058301647655259824
