0 0.90703125 0.7596852300242131 0.05 0.06174334140435835
0 0.778125 0.7336561743341404 0.046875 0.05811138014527845
0 0.5546875 0.8141646489104116 0.0390625 0.06658595641646489
0 0.534765625 0.7723970944309927 0.03515625 0.043583535108958835
0 0.378515625 0.7602905569007264 0.04765625 0.04600484261501211
0 0.448046875 0.7687651331719129 0.03828125 0.03631961259079903
0 0.9640625 0.6567796610169492 0.0390625 0.039951573849878935
0 0.909765625 0.6858353510895884 0.03984375 0.03026634382566586
0 0.9 0.6519370460048426 0.034375 0.03268765133171913
0 0.831640625 0.6404358353510896 0.02578125 0.03631961259079903
0 0.725 0.6416464891041163 0.0328125 0.043583535108958835
0 0.6859375 0.6501210653753027 0.0328125 0.043583535108958835
0 0.717578125 0.6803874092009685 0.03671875 0.043583535108958835
0 0.665234375 0.589588377723971 0.02578125 0.04116222760290557
