0 0.51328125 0.8933774834437086 0.09375 0.1205298013245033
0 0.30078125 0.6562913907284769 0.0484375 0.06754966887417219
0 0.925 0.6947019867549669 0.078125 0.06754966887417219
0 0.202734375 0.6688741721854304 0.05234375 0.06357615894039735
0 0.158984375 0.5966887417218543 0.03984375 0.054304635761589407
0 0.35625 0.8827814569536424 0.084375 0.11788079470198676
0 0.7234375 0.6019867549668875 0.0359375 0.046357615894039736
0 0.13359375 0.5569536423841059 0.0296875 0.046357615894039736
0 0.11171875 0.523841059602649 0.0265625 0.038410596026490065
0 0.088671875 0.4781456953642384 0.02109375 0.02913907284768212
0 0.794140625 0.5496688741721855 0.05234375 0.05827814569536424
0 0.6828125 0.571523178807947 0.028125 0.051655629139072845
