0 0.41055555555555556 0.8643926788685524 0.056666666666666664 0.07154742096505824
0 0.6977777777777778 0.9076539101497504 0.06666666666666667 0.07487520798668885
0 0.2822222222222222 0.9425956738768719 0.06888888888888889 0.08485856905158069
0 0.4288888888888889 0.7520798668885191 0.042222222222222223 0.05324459234608985
0 0.5805555555555556 0.7961730449251248 0.04777777777777778 0.05823627287853577
0 0.3244444444444444 0.8560732113144759 0.06 0.07487520798668885
0 0.33111111111111113 0.8136439267886856 0.05333333333333334 0.059900166389351084
0 0.39555555555555555 0.9800332778702163 0.06666666666666667 0.036605657237936774
0 0.6138888888888889 0.8386023294509152 0.052222222222222225 0.0632279534109817
0 0.5855555555555556 0.8910149750415973 0.06 0.07154742096505824
0 0.36944444444444446 0.7337770382695508 0.03888888888888889 0.04991680532445923
0 0.5994444444444444 0.8410981697171381 0.0811111111111111 0.12479201331114809
0 0.6583333333333333 0.8011647254575707 0.03888888888888889 0.05823627287853577
0 0.6438888888888888 0.7753743760399334 0.04111111111111111 0.04991680532445923
0 0.6044444444444445 0.7504159733777038 0.03111111111111111 0.04658901830282862
0 0.6316666666666667 0.7287853577371048 0.03 0.029950083194675542
0 0.4438888888888889 0.7104825291181365 0.03222222222222222 0.03993344425956739
0 0.3794444444444444 0.7071547420965059 0.027777777777777776 0.036605657237936774
0 0.3938888888888889 0.6955074875207987 0.023333333333333334 0.03993344425956739
0 0.4 0.6838602329450915 0.024444444444444446 0.036605657237936774
0 0.41055555555555556 0.670549084858569 0.016666666666666666 0.03993344425956739
0 0.45444444444444443 0.6896838602329451 0.03111111111111111 0.04492512479201331
0 0.5277777777777778 0.6622296173044925 0.022222222222222223 0.029950083194675542
0 0.6055555555555555 0.7004991680532446 0.024444444444444446 0.033277870216306155
0 0.5583333333333333 0.7354409317803661 0.03666666666666667 0.04326123128119801
0 0.5522222222222222 0.7096505823627288 0.03111111111111111 0.03161397670549085
0 0.5477777777777778 0.6863560732113144 0.028888888888888888 0.028286189683860232
0 0.595 0.6805324459234608 0.023333333333333334 0.033277870216306155
