0 0.799792531120332 0.8548644338118022 0.13070539419087138 0.1371610845295056
0 0.6058091286307054 0.8787878787878788 0.11203319502074689 0.1339712918660287
0 0.6063278008298755 0.7185007974481659 0.08817427385892117 0.10366826156299841
0 0.7230290456431535 0.7751196172248804 0.0995850622406639 0.11802232854864433
0 0.5072614107883817 0.9649122807017544 0.14107883817427386 0.06379585326953748
0 0.4657676348547718 0.6307814992025519 0.07053941908713693 0.07496012759170653
0 0.9652489626556017 0.6251993620414673 0.06742738589211618 0.1339712918660287
0 0.8537344398340249 0.6602870813397129 0.08713692946058091 0.09569377990430622
0 0.9771784232365145 0.7097288676236044 0.043568464730290454 0.11802232854864433
0 0.803941908713693 0.6275917065390749 0.07053941908713693 0.08452950558213716
0 0.40819502074688796 0.6977671451355661 0.052904564315352696 0.08133971291866028
0 0.9139004149377593 0.6092503987240829 0.06016597510373444 0.09569377990430622
0 0.725103734439834 0.5956937799043063 0.06431535269709543 0.08771929824561403
0 0.22302904564315354 0.6802232854864434 0.07053941908713693 0.08771929824561403
0 0.38641078838174275 0.5430622009569378 0.05705394190871369 0.05263157894736842
0 0.42012448132780084 0.5741626794258373 0.05394190871369295 0.07017543859649122
0 0.4538381742738589 0.5861244019138756 0.05912863070539419 0.046251993620414676
0 0.35477178423236516 0.474481658692185 0.03734439834024896 0.030303030303030304
0 0.3558091286307054 0.5095693779904307 0.03941908713692946 0.0430622009569378
0 0.6473029045643154 0.5063795853269537 0.07053941908713693 0.08771929824561403
0 0.6545643153526971 0.5566188197767146 0.07053941908713693 0.06698564593301436
0 0.6047717842323651 0.5263157894736842 0.022821576763485476 0.07017543859649122
0 0.5835062240663901 0.5175438596491229 0.01970954356846473 0.06539074960127592
0 0.5648340248962656 0.5127591706539075 0.021784232365145227 0.06220095693779904
0 0.5357883817427386 0.47926634768740034 0.023858921161825725 0.049441786283891544
0 0.5492738589211619 0.48165869218500795 0.013485477178423237 0.051036682615629984
0 0.7546680497925311 0.6116427432216905 0.038381742738589214 0.07814992025518341
0 0.8635892116182573 0.5582137161084529 0.07572614107883817 0.11164274322169059
0 0.8101659751037344 0.5558213716108453 0.029045643153526972 0.06539074960127592
0 0.7785269709543569 0.5414673046251993 0.044605809128630707 0.07496012759170653
0 0.7385892116182573 0.529505582137161 0.03319502074688797 0.06698564593301436
0 0.7105809128630706 0.5247208931419458 0.03734439834024896 0.05741626794258373
0 0.6882780082987552 0.5095693779904307 0.025933609958506226 0.05582137161084529
0 0.5295643153526971 0.43859649122807015 0.032157676348547715 0.05422647527910686
0 0.383298755186722 0.42902711323763953 0.028008298755186723 0.03827751196172249
0 0.4144190871369295 0.4314194577352472 0.028008298755186723 0.03349282296650718
