0 0.45487551867219916 0.7466266866566716 0.11514522821576763 0.13193403298350825
0 0.7287344398340249 0.7488755622188905 0.12344398340248963 0.11244377811094453
0 0.23340248962655602 0.7436281859070465 0.13692946058091288 0.15292353823088456
0 0.2868257261410788 0.5809595202398801 0.10062240663900415 0.11244377811094453
0 0.6841286307053942 0.704647676161919 0.10269709543568464 0.08095952023988005
0 0.8755186721991701 0.37181409295352325 0.07053941908713693 0.095952023988006
0 0.487551867219917 0.6431784107946027 0.0975103734439834 0.10794602698650675
0 0.7800829875518672 0.308095952023988 0.04771784232365145 0.05847076461769116
0 0.13018672199170125 0.9002998500749625 0.23340248962655602 0.1904047976011994
0 0.30809128630705396 0.1619190404797601 0.029045643153526972 0.053973013493253376
0 0.6130705394190872 0.4782608695652174 0.07883817427385892 0.07196401799100449
0 0.6400414937759336 0.5352323838080959 0.08506224066390042 0.09895052473763119
0 0.7271784232365145 0.30134932533733133 0.03734439834024896 0.047976011994003
0 0.8428423236514523 0.30434782608695654 0.04045643153526971 0.047976011994003
0 0.558091286307054 0.30134932533733133 0.04979253112033195 0.044977511244377814
0 0.6763485477178424 0.2826086956521739 0.03112033195020747 0.04047976011994003
