0 0.893359375 0.5235602094240838 0.06171875 0.060732984293193716
0 0.724609375 0.8251308900523561 0.06015625 0.14031413612565444
0 0.78359375 0.8471204188481676 0.0578125 0.1549738219895288
0 0.84296875 0.8638743455497382 0.0578125 0.15706806282722513
0 0.93359375 0.8717277486910995 0.1203125 0.12670157068062826
0 0.703515625 0.4570680628272251 0.06171875 0.061780104712041886
0 0.35390625 0.3842931937172775 0.0359375 0.05235602094240838
0 0.165234375 0.41413612565445024 0.04609375 0.040837696335078534
0 0.137109375 0.3931937172774869 0.02734375 0.03664921465968586
0 0.173046875 0.4952879581151832 0.05859375 0.05445026178010471
0 0.73046875 0.4167539267015707 0.05625 0.0774869109947644
