0 0.487890625 0.8412408759124088 0.10859375 0.12043795620437957
0 0.705078125 0.7962287104622872 0.11171875 0.14476885644768855
0 0.1796875 0.5389294403892944 0.0703125 0.07542579075425791
0 0.214453125 0.6137469586374696 0.07890625 0.09610705596107055
0 0.515625 0.745742092457421 0.1 0.14841849148418493
0 0.1109375 0.7603406326034063 0.121875 0.18004866180048662
0 0.882421875 0.7299270072992701 0.09765625 0.1192214111922141
0 0.8015625 0.5328467153284672 0.0609375 0.07542579075425791
0 0.516796875 0.38503649635036497 0.04296875 0.04744525547445255
0 0.83203125 0.40632603406326034 0.0546875 0.07542579075425791
0 0.06953125 0.6368613138686131 0.078125 0.08880778588807786
0 0.678515625 0.30961070559610704 0.03359375 0.04744525547445255
0 0.6046875 0.3156934306569343 0.0296875 0.032846715328467155
0 0.53203125 0.5954987834549879 0.0890625 0.11070559610705596
0 0.895703125 0.3284671532846715 0.04296875 0.0413625304136253
0 0.816796875 0.3199513381995134 0.03515625 0.0364963503649635
0 0.851171875 0.35279805352798055 0.04296875 0.06082725060827251
