0 0.89453125 0.7429742388758782 0.0890625 0.09953161592505855
0 0.676171875 0.5907494145199064 0.05390625 0.059718969555035126
0 0.498046875 0.7096018735362998 0.07109375 0.07728337236533958
0 0.8171875 0.9115925058548009 0.121875 0.15339578454332553
0 0.91640625 0.6902810304449649 0.071875 0.08313817330210772
0 0.58828125 0.5046838407494145 0.04375 0.0585480093676815
0 0.403125 0.7295081967213115 0.078125 0.08665105386416862
0 0.764453125 0.5872365339578455 0.05390625 0.06440281030444965
0 0.94609375 0.6440281030444965 0.0578125 0.06557377049180328
0 0.944140625 0.59192037470726 0.05390625 0.04800936768149883
0 0.4453125 0.5076112412177985 0.0328125 0.03864168618266979
0 0.334375 0.5966042154566745 0.046875 0.06440281030444965
0 0.38046875 0.4812646370023419 0.0359375 0.03278688524590164
0 0.54609375 0.4484777517564403 0.025 0.0351288056206089
0 0.590625 0.44379391100702575 0.025 0.03044496487119438
0 0.675 0.5128805620608899 0.0484375 0.0702576112412178
