0 0.740625 0.6034722222222222 0.271875 0.31527777777777777
0 0.845703125 0.4361111111111111 0.08046875 0.08888888888888889
0 0.773046875 0.4215277777777778 0.06015625 0.059722222222222225
0 0.72109375 0.41805555555555557 0.0421875 0.05277777777777778
0 0.4125 0.5291666666666667 0.153125 0.23055555555555557
0 0.4765625 0.43472222222222223 0.04375 0.06388888888888888
0 0.688671875 0.41805555555555557 0.03203125 0.041666666666666664
0 0.669921875 0.40694444444444444 0.02109375 0.05
0 0.6390625 0.40208333333333335 0.0296875 0.034722222222222224
0 0.541796875 0.45694444444444443 0.07734375 0.11666666666666667
