0 0.48984375 0.8130896226415094 0.3921875 0.3714622641509434
0 0.248046875 0.6362028301886793 0.12421875 0.10966981132075472
0 0.691796875 0.5689858490566038 0.11328125 0.1733490566037736
0 0.38046875 0.6020047169811321 0.1296875 0.10023584905660378
0 0.734765625 0.4876179245283019 0.06640625 0.07665094339622641
0 0.266015625 0.566627358490566 0.10546875 0.08608490566037735
0 0.458203125 0.5577830188679245 0.08828125 0.07075471698113207
0 0.123046875 0.7476415094339622 0.24609375 0.19103773584905662
0 0.38828125 0.8502358490566038 0.4765625 0.294811320754717
0 0.574609375 0.5206367924528302 0.10859375 0.08608490566037735
0 0.59609375 0.6079009433962265 0.1875 0.11438679245283019
0 0.196484375 0.4681603773584906 0.07421875 0.14386792452830188
0 0.387890625 0.5972877358490566 0.11796875 0.09080188679245282
