0 0.106640625 0.9013888888888889 0.20234375 0.19444444444444445
0 0.521484375 0.8666666666666667 0.12578125 0.18888888888888888
0 0.37734375 0.88125 0.18125 0.23194444444444445
0 0.397265625 0.6951388888888889 0.10234375 0.13472222222222222
0 0.89375 0.5944444444444444 0.10625 0.15
0 0.72265625 0.7729166666666667 0.13125 0.20694444444444443
0 0.165234375 0.9541666666666667 0.17265625 0.08888888888888889
0 0.223828125 0.7888888888888889 0.24453125 0.19444444444444445
0 0.748046875 0.6125 0.09609375 0.13055555555555556
0 0.6265625 0.9013888888888889 0.1578125 0.15833333333333333
0 0.28125 0.8930555555555556 0.1078125 0.175
0 0.263671875 0.6347222222222222 0.07734375 0.12777777777777777
0 0.47578125 0.5145833333333333 0.1 0.10138888888888889
0 0.81875 0.47638888888888886 0.125 0.07222222222222222
0 0.83046875 0.5472222222222223 0.0796875 0.13055555555555556
0 0.902734375 0.5069444444444444 0.08671875 0.09166666666666666
0 0.6890625 0.4986111111111111 0.0609375 0.10555555555555556
0 0.974609375 0.5680555555555555 0.04453125 0.11944444444444445
0 0.428125 0.6020833333333333 0.1140625 0.0875
