0 0.3390625 0.5580985915492958 0.125 0.13497652582159625
0 0.444921875 0.8257042253521126 0.16171875 0.23591549295774647
0 0.473046875 0.6150234741784038 0.12109375 0.18544600938967137
0 0.10234375 0.8949530516431925 0.1875 0.1983568075117371
0 0.654296875 0.289906103286385 0.07109375 0.09389671361502347
0 0.487109375 0.4665492957746479 0.10234375 0.15845070422535212
0 0.189453125 0.7024647887323944 0.13984375 0.20774647887323944
0 0.943359375 0.5774647887323944 0.10703125 0.13380281690140844
0 0.29375 0.465962441314554 0.0984375 0.11502347417840375
0 0.24765625 0.6379107981220657 0.1046875 0.14906103286384975
0 0.234375 0.3215962441314554 0.06875 0.08215962441314555
0 0.119140625 0.4923708920187793 0.09921875 0.13497652582159625
0 0.972265625 0.7188967136150235 0.05390625 0.15375586854460094
0 0.131640625 0.4413145539906103 0.08984375 0.11032863849765258
0 0.798046875 0.25234741784037557 0.05390625 0.09389671361502347
0 0.784375 0.19718309859154928 0.040625 0.04225352112676056
0 0.655078125 0.20950704225352113 0.04921875 0.05516431924882629
0 0.31171875 0.409037558685446 0.0828125 0.1068075117370892
0 0.33828125 0.3761737089201878 0.0765625 0.11854460093896714
0 0.365625 0.34683098591549294 0.06875 0.10446009389671361
0 0.395703125 0.2975352112676056 0.05703125 0.07863849765258216
0 0.418359375 0.2517605633802817 0.05078125 0.0715962441314554
0 0.272265625 0.2705399061032864 0.05234375 0.05516431924882629
0 0.2953125 0.26115023474178406 0.0515625 0.06690140845070422
0 0.31171875 0.24413145539906103 0.0453125 0.056338028169014086
0 0.317578125 0.21830985915492956 0.04609375 0.06103286384976526
0 0.33203125 0.1960093896713615 0.0546875 0.06103286384976526
0 0.375390625 0.18485915492957747 0.03515625 0.0528169014084507
0 0.188671875 0.34800469483568075 0.07734375 0.07394366197183098
0 0.18828125 0.4084507042253521 0.0765625 0.09154929577464789
0 0.043359375 0.5575117370892019 0.08203125 0.13849765258215962
0 0.441796875 0.12030516431924883 0.03515625 0.05046948356807512
0 0.55234375 0.19131455399061034 0.05625 0.06103286384976526
0 0.54296875 0.23415492957746478 0.0640625 0.07629107981220658
0 0.65703125 0.16842723004694835 0.04375 0.05516431924882629
0 0.63359375 0.15669014084507044 0.0296875 0.045774647887323945
0 0.483203125 0.15786384976525822 0.04296875 0.05985915492957746
0 0.47578125 0.18192488262910797 0.0359375 0.04929577464788732
0 0.44453125 0.20011737089201878 0.075 0.05516431924882629
0 0.46953125 0.09330985915492958 0.0265625 0.03403755868544601
0 0.389453125 0.12617370892018778 0.03671875 0.04107981220657277
0 0.509375 0.1238262910798122 0.0234375 0.03403755868544601
0 0.670703125 0.0903755868544601 0.02265625 0.025821596244131457
