0 0.434765625 0.6617819460726846 0.15078125 0.16998827667057445
0 0.70234375 0.686400937866354 0.2421875 0.34349355216881594
0 0.137109375 0.6406799531066822 0.19765625 0.20281359906213364
0 0.316796875 0.6055099648300117 0.10703125 0.1488862837045721
0 0.512109375 0.6154747948417351 0.05859375 0.07737397420867527
0 0.24140625 0.5826494724501758 0.06875 0.08206330597889801
0 0.460546875 0.5550996483001173 0.03828125 0.04806565064478312
0 0.520703125 0.5533411488862837 0.03828125 0.05627198124267292
0 0.556640625 0.5615474794841735 0.03046875 0.035169988276670575
0 0.575390625 0.5896834701055099 0.02578125 0.053927315357561546
0 0.03515625 0.7784290738569754 0.0578125 0.4196951934349355
