0 0.387109375 0.38333333333333336 0.09765625 0.09791666666666667
0 0.097265625 0.9135416666666667 0.15703125 0.16666666666666666
0 0.3828125 0.925 0.140625 0.14583333333333334
0 0.3078125 0.3359375 0.0671875 0.07395833333333333
0 0.58515625 0.2625 0.05625 0.06875
0 0.408984375 0.49166666666666664 0.07421875 0.07916666666666666
0 0.394140625 0.684375 0.10078125 0.09791666666666667
0 0.7015625 0.29739583333333336 0.0640625 0.065625
0 0.3234375 0.24947916666666667 0.0640625 0.09895833333333333
0 0.59921875 0.42135416666666664 0.06875 0.071875
0 0.382421875 0.8020833333333334 0.13984375 0.18333333333333332
0 0.505078125 0.4859375 0.85234375 0.909375
0 0.3859375 0.5890625 0.1140625 0.15104166666666666
0 0.588671875 0.20833333333333334 0.07265625 0.08541666666666667
0 0.439453125 0.24479166666666666 0.06796875 0.09791666666666667
0 0.6296875 0.521875 0.0859375 0.07916666666666666
0 0.619140625 0.47291666666666665 0.08359375 0.08333333333333333
0 0.75703125 0.9453125 0.134375 0.10729166666666666
0 0.581640625 0.3697916666666667 0.06328125 0.075
0 0.71171875 0.7515625 0.128125 0.13229166666666667
0 0.72890625 0.903125 0.140625 0.17083333333333334
0 0.62734375 0.5822916666666667 0.0875 0.08958333333333333
0 0.675390625 0.6854166666666667 0.12734375 0.14583333333333334
0 0.68984375 0.25729166666666664 0.0625 0.06041666666666667
0 0.441015625 0.146875 0.05859375 0.06875
0 0.436328125 0.084375 0.04921875 0.041666666666666664
0 0.349609375 0.08645833333333333 0.04296875 0.04791666666666667
0 0.375 0.07760416666666667 0.025 0.04479166666666667
0 0.566015625 0.1 0.04921875 0.05625
0 0.571875 0.15885416666666666 0.05625 0.040625
0 0.651171875 0.6026041666666667 0.09609375 0.046875
0 0.67578125 0.15104166666666666 0.0625 0.06875
0 0.66171875 0.08854166666666667 0.0515625 0.04375
0 0.636328125 0.075 0.02265625 0.03958333333333333
