0 0.11171875 0.39490114464099896 0.0890625 0.10093652445369407
0 0.2828125 0.5754422476586889 0.1140625 0.15608740894901144
0 0.7890625 0.4963579604578564 0.103125 0.12695109261186263
0 0.083203125 0.5332986472424558 0.12734375 0.19042663891779396
0 0.91875 0.696149843912591 0.1609375 0.35796045785639957
0 0.521484375 0.5213319458896982 0.10859375 0.13943808532778357
0 0.680078125 0.42455775234131116 0.09765625 0.09989594172736732
0 0.348828125 0.3262226847034339 0.21484375 0.11550468262226847
0 0.5796875 0.3975026014568158 0.075 0.08116545265348596
0 0.71875 0.6706555671175859 0.0828125 0.1987513007284079
0 0.814453125 0.686264308012487 0.16171875 0.3007284079084287
0 0.670703125 0.6534859521331946 0.06796875 0.1914672216441207
0 0.616015625 0.6123829344432883 0.07734375 0.186264308012487
0 0.579296875 0.5936524453694069 0.04296875 0.1550468262226847
0 0.557421875 0.5447450572320499 0.04140625 0.1259105098855359
0 0.483203125 0.4724245577523413 0.08046875 0.10822060353798127
0 0.542578125 0.35848074921956297 0.06953125 0.07388137356919876
0 0.037890625 0.6103017689906347 0.06640625 0.1675338189386056
0 0.0875 0.5749219562955254 0.075 0.14880332986472425
0 0.11015625 0.259105098855359 0.0609375 0.09573361082206035
0 0.10234375 0.1914672216441207 0.0609375 0.06867845993756504
0 0.107421875 0.1331945889698231 0.04921875 0.07700312174817898
0 0.134375 0.046826222684703434 0.0484375 0.05827263267429761
0 0.37421875 0.11602497398543184 0.040625 0.046826222684703434
0 0.41953125 0.16805411030176898 0.0484375 0.08012486992715921
0 0.396875 0.21644120707596254 0.0734375 0.07284079084287201
0 0.53515625 0.2663891779396462 0.0671875 0.06659729448491156
0 0.411328125 0.07075962539021852 0.07890625 0.05827263267429761
