0 0.6375 0.5055632823365785 0.203125 0.2906815020862309
0 0.8921875 0.7072322670375522 0.2140625 0.5605006954102921
0 0.358203125 0.4040333796940195 0.08671875 0.13212795549374132
0 0.541015625 0.4144645340751043 0.05234375 0.10848400556328233
0 0.794921875 0.586230876216968 0.24453125 0.36300417246175243
0 0.483203125 0.3616133518776078 0.07734375 0.09457579972183588
0 0.382421875 0.3344923504867872 0.04609375 0.043115438108484005
0 0.25625 0.3623087621696801 0.078125 0.1043115438108484
0 0.066796875 0.46870653685674546 0.10859375 0.2614742698191933
0 0.133203125 0.4617524339360223 0.07734375 0.19193324061196107
0 0.1765625 0.45549374130737136 0.0546875 0.16828929068150209
